0.179114