0.257678