-0.109719