0.37695