13.4269