6.19715