0.15203