176.267