4.48759