0.201582