0.204695