0.535061