2.51453