3.10071