-0.114622