-0.070782