-0.0479888