276.265