0.18356