-0.183649