0.117254