2.53919