1.12639
0.463196
0