254.466